-21 44
39 1
-19 -33
-31 -43
-29 -37
39 -47
-33 -21
49 33
-28 -33
11 12
-23 23
42 -44
-23 12
21 2
47 -2
0 -11
31 16
25 -21
-34 30
30 -44
0 -7
44 -37
-3 -8
30 -35
-48 19
26 -21
-41 1
17 22
47 -24
-15 29
-31 32
-14 40
18 44
-5 -3
9 -35
-48 10
5 11
-32 -27
-4 33
-23 -26
10 49
23 -25
-36 12
28 10
37 14
47 -5
30 -28
-16 -41
42 -7
37 -47
45 -9
-36 39
-10 33
13 -33
-36 -49
1 -16
-38 -28
-26 26
7 30
-21 17
3 -37
-30 42
50 -26
44 -11
35 18
3 50
-6 -40
33 23
-45 12
-25 -14
14 20
-19 -26
-9 -42
-18 -24
-48 -16
42 -13
-10 43
-48 44
-9 22
33 34
-47 8
34 3
27 -11
11 42
-12 -36
40 35
6 3
23 7
-35 33
-18 34
-18 5
-15 -44
-22 -6
-47 -34
41 33
1 -35
-30 19
37 -38
-34 -1
21 34
3 1
24 5
-46 -22
7 -32
32 -6
2 -8
38 4
49 15
1 -21
40 -5
2 33
-40 4
-28 -16
-44 -3
-42 23
-8 -21
-2 11
7 -13
-27 -16
-36 10
34 -15
-34 44
-24 43
-18 -39
-23 33
-32 37
6 -25
-38 -29
-9 -26
-10 -45
-13 32
-33 -9
-32 -46
-8 -13
40 17
-17 50
-25 -31
-11 45
29 -14
40 36
30 35
-34 27
-26 -4
43 -4
10 42
5 23
30 -16
3 -44
45 28
37 17
-45 31
17 -40
-12 -26
36 -44
-14 -48
41 0
-20 9
-17 -13
22 23
-4 15