27 74
44 30
51 56
27 35
62 63
25 47
40 65
36 49
32 67
56 79
36 20
47 78
55 40
57 22
67 37
61 65
54 27
38 28
50 74
67 66
23 65
71 44
51 78
49 37
33 63
20 30
70 34
21 68
29 66
54 34
25 65
60 41
58 33
71 60
35 43
40 49
76 25
79 26
61 35
36 47
59 37
30 42
75 50
53 61
24 63
25 53
46 32
65 54
32 24
74 70
51 52
43 77
38 62
64 68
32 30
75 49
39 53
28 44
72 65
71 38
75 28
43 26
21 55
59 75
50 60
62 58
24 68
37 72
43 28
36 65
71 64
71 61
73 57
67 21
41 66
57 34
72 44
65 63
38 66
23 30
59 66
80 68
72 39
46 58
45 31
55 25
75 43
33 38
64 55
80 42
26 51
48 29
22 53
36 58
27 57
46 21
57 30
72 28
28 56
76 78
51 45
70 77
41 50
27 79
80 30
36 25
75 30
38 25
52 79
40 20
31 43
26 40
71 52
78 42
31 34
76 48
30 48
37 61
20 34
27 66
26 70
36 72
31 71
34 32
48 79
54 80
50 66
60 54
48 63
74 72
31 60
46 47
35 74
67 65
47 56
42 43
76 28
27 73
35 31
78 64
45 21
49 65
57 33
57 20
53 60
68 54
28 78
25 77
73 50
38 41