88 8
32 76
76 44
88 52
80 50
82 1
98 17
67 65
78 22
80 14
37 16
36 77
66 95
82 68
8 35
73 96
66 13
69 52
78 18
96 2
48 12
25 45
46 8
51 33
24 93
26 7
11 67
42 82
6 89
28 9
50 82
94 57
98 51
14 4
87 68
19 63
7 14
77 60
50 67
10 21
63 59
83 90
81 6
46 81
30 28
52 93
67 30
91 92
13 24
6 99
36 7
20 80
40 13
92 32
93 81
47 93
56 65
53 98
76 53
3 63
47 80
69 73
61 39
93 28
66 62
93 74
15 25
6 35
18 11
40 6
46 51
80 93
54 32
26 84
63 57
38 82
35 45
33 21
54 28
28 59
15 53
91 4
64 82
5 89
91 74
52 22
99 14
5 41
30 25
56 11
86 54
49 75
16 60
74 39
47 1
25 51
24 26
97 92
47 4
38 7
75 96
22 59
86 40
80 91
43 58
83 69
83 55
88 97
61 4
41 53
75 59
20 7
65 88
5 53
55 63
48 8
39 58
85 52
24 55
51 42
88 43
1 95
66 89
5 16
76 67
43 69
7 87
60 48
11 3
44 66
58 32
67 16
12 6
97 62
76 14
11 30
16 12
22 36
42 96
29 1
18 70
26 20
27 47
91 47
78 12
58 80
47 40
8 56
38 28
98 13