-26 -8
3 12
17 -20
-47 2
-17 29
46 23
19 30
50 0
-35 -45
-28 -47
-32 -34
-28 25
-36 -40
34 -5
42 36
-6 50
-39 45
39 -42
-36 -22
-17 26
-3 -47
8 28
-4 -5
-17 32
-21 41
-3 12
-33 0
-38 15
11 40
25 45
-23 25
-15 -10
41 -35
41 -2
-33 -1
-18 1
-42 -33
18 29
29 40
26 -8
0 -34
-30 10
38 46
-24 31
-17 -21
35 7
10 -21
13 47
-50 -20
43 -35
-31 -16
24 38
13 15
16 29
10 -41
-16 26
5 -3
-41 -40
-9 -20
12 18
-38 -49
2 -5
-41 -11
20 -10
-9 32
2 13
9 20
-31 29
3 14
-4 28
-5 6
-35 -9
27 16
38 1
47 -44
-47 13
42 5
-36 22
-6 41
2 10
3 28
37 15
6 7
-21 -6
-17 -19
-40 3
-18 -15
-10 -47
49 -28
18 -35
33 -4
-29 -11
-13 -9
-16 -28
34 29
50 -10
-2 -35
-16 -10
-28 -40
4 3
50 12
30 2
17 -43
-35 0
-11 -6
-27 50
-15 -48
-5 -20
7 26
9 -10
-17 40
14 -13
11 -5
-31 -48
-11 -23
-38 30
43 -36
25 -7
-12 18
40 22
26 4
-5 50
0 -36
-6 -15
-45 -13
-33 46
5 -32
45 44
15 -27
8 19
43 -1
-45 -24
-3 -10
18 -13
-31 26
-38 8
32 43
-10 -28
37 -33
10 15
41 28
27 -2
-23 -26
-26 1
28 -36
-39 50
-20 47
-36 19
-40 6
31 -16