-3 39
13 22
7 49
-1 6
59 39
32 14
61 20
68 7
2 35
46 1
59 18
48 37
0 17
13 44
54 4
8 17
20 10
55 20
9 67
58 44
31 -4
29 44
66 19
0 53
20 45
37 -10
38 27
9 63
8 54
49 4
28 45
-2 26
-7 37
46 8
31 35
61 42
11 21
49 50
16 -7
26 63
32 54
7 -4
61 52
63 42
3 48
66 -2
19 56
12 34
29 22
-10 61
58 -8
11 1
50 17
56 36
23 30
35 43
35 45
51 3
9 31
42 -3
24 29
62 10
69 49
26 67
4 3
23 64
3 24
-9 59
5 42
23 -3
21 39
33 62
25 19
61 22
19 -6
14 34
40 0
18 49
39 54
35 50
59 56
43 47
27 50
57 9
-2 34
6 25
35 66
2 28
62 68
64 66
38 46
-3 12
20 26
59 61
34 19
44 40
21 57
-5 52
20 65
13 31
8 66
34 49
-5 -1
68 42
67 28
-4 60
13 4
44 2
43 55
68 59