96 81
105 219
68 123
90 30
110 140
169 235
222 65
9 171
94 208
137 190
17 162
77 146
40 123
216 213
3 242
179 163
96 57
39 218
76 59
82 -12
218 205
135 159
109 157
28 98
130 146
-7 128
188 240
204 115
54 73
245 5
112 59
103 186
189 188
163 11
93 72
95 163
185 228
132 119
121 133
247 132
171 87
181 187
146 134
46 -19
246 102
121 241
26 19
109 19
248 97
37 217
51 80
207 189
33 81
103 -6
-5 -18
95 33
6 212
223 3
109 -9
77 62
92 110
83 233
185 91
238 134
83 240
-9 -7
101 -15
237 216
180 15
223 208
250 215
183 204
247 152
188 117
215 200
93 142
160 166
72 118
103 118
228 -20
-12 91
26 100
-5 91
67 66
167 69
113 229
116 248
122 235
47 121
-14 223
8 226
79 127
241 58
122 123
137 -6
4 -1
22 67
157 188
30 -18
172 8
105 227
56 -2
182 169
115 195
243 146
39 13
197 107
126 8
45 0
224 165
122 80
235 114
20 18
41 132
89 22
153 91
22 213
63 230
213 -8
191 65
120 194
115 224
85 67
207 218
87 49
50 249
227 154
230 46
227 180
162 219
-9 157
-9 -1
-3 116
0 49
109 18
241 161
168 6
94 47
24 119
55 162
250 48
167 172
112 80
205 86
184 148
228 68
33 162
79 188
102 150
232 162