-36 -59
-87 -11
-84 -34
-54 -89
-87 -51
-31 -33
-37 -34
-13 -64
-48 -39
-55 -81
-82 -23
-54 -63
-27 -33
-85 -83
-88 -73
-73 -86
-55 -79
-19 -10
-83 -69
-17 -41
-67 -79
-40 -52
-31 -18
-78 -13
-42 -41
-45 -88
-76 -67
-76 -19
-38 -55
-90 -68
-10 -46
-38 -32
-71 -50
-66 -17
-44 -16
-39 -75
-70 -54
-50 -29
-59 -13
-17 -32
-50 -55
-88 -76
-75 -53
-34 -74
-24 -52
-12 -82
-90 -20
-25 -53
-39 -31
-72 -34
-77 -81
-74 -26
-51 -64
-17 -69
-83 -10
-49 -66
-65 -44
-84 -83
-82 -85
-57 -55
-37 -65
-29 -36
-43 -16
-67 -37
-34 -45
-61 -47
-33 -60
-51 -48
-34 -79
-35 -70
-59 -39
-76 -78
-83 -19
-44 -35
-18 -57
-46 -52
-48 -84
-79 -89
-82 -21
-86 -25
-40 -42
-62 -14
-77 -75
-74 -43
-15 -87
-77 -12
-33 -53
-39 -13
-20 -61
-77 -63
-80 -63
-35 -39
-69 -70
-90 -43
-24 -50
-64 -33
-26 -12
-40 -61
-77 -66
-41 -16
-41 -44
-76 -86
-47 -60
-51 -65
-76 -89
-58 -41
-21 -48
-11 -84
-57 -23
-58 -76
-63 -40
-73 -65
-79 -18
-23 -73
-65 -88
-21 -63
-37 -28
-70 -62
-30 -29
-17 -36
-11 -13
-27 -46
-90 -42
-17 -40
-30 -41
-81 -15
-14 -80
-48 -20
-23 -81
-16 -60
-25 -73
-49 -19
-45 -62
-55 -73
-17 -47
-86 -53
-42 -65
-10 -23
-62 -88
-60 -23
-90 -58
-84 -50
-31 -62
-29 -13
-55 -51
-59 -27
-81 -85
-71 -36
-12 -75
-87 -37
-30 -58
-89 -87
-24 -29
-63 -47
-48 -53
-15 -79
-15 -61
-72 -22
-50 -87
-26 -75
-49 -36
-27 -50
-21 -26
-52 -76
-43 -55
-59 -48
-90 -53
-40 -18
-15 -33
-27 -38
-39 -22
-74 -90
-42 -81
-51 -29
-12 -71
-76 -84
-21 -67
-28 -49
-14 -30
-65 -41
-74 -33
-39 -61
-49 -17
-26 -18
-76 -81
-36 -31
-78 -39
-70 -82
-17 -50
-82 -59
-25 -41
-64 -61
-71 -69
-52 -82
-22 -60
-76 -82
-44 -78
-69 -90
-37 -74
-65 -21