6 14
8 -23
-14 14
20 -20
-11 -25
-18 35
1 13
-4 11
-4 -19
-26 27
30 3
10 -27
24 18
23 -13
25 13
17 30
17 -2
6 8
-21 14
4 24
-18 5
30 9
-15 15
2 29
8 -14
5 2
-16 29
27 7
-28 -5
-15 -26
-29 -28
30 22
15 -16
3 20
27 9
29 -22
-25 -10
2 35
30 -24
-27 -1
-19 -12
25 -22
27 -8
-21 33
-8 -25
-5 -22
-22 27
-16 8
-22 30
34 20
11 9
8 -1
-10 22
-2 -22
17 29
-24 19
1 -1
-17 26
-7 17
31 1
18 -19
9 33
-4 -3
-26 11
15 19
-4 31
-16 28
15 -20
-6 -9
23 15
-14 6
-9 -4
21 -18
24 -20
-30 30
-16 -4
-6 -13
-16 4
11 10
26 13
-25 27
19 26
10 -14
-11 -21
20 10
35 -16
-7 -22
-26 0
-13 -18
-21 34
23 -2
29 -19
-10 28
7 14
1 -29
28 0
9 -3
30 0
-29 20
-25 10
35 -24
34 -5
2 6
-19 28
9 5
13 -15
-19 -8
33 -25
15 2
-15 27
-14 7
-17 -24
-27 8
13 9
4 -30
-10 0
29 26
-3 11
-29 -19
28 -1
-4 20
18 12
-5 -1
22 9
-10 -14
4 -12
35 33
13 -4
35 3
20 -6
-19 13
-28 -24
25 -7
9 -19
-5 1
-19 -5
17 7
-22 24
-1 7
5 -20
-22 -29
-16 24
-6 3
-24 11
32 24
-15 16
1 -10
-8 29
34 -23
6 25
34 -3
-14 32
19 11
-21 2
-30 27
-10 -5
-26 24
-9 19
-26 -18
25 -17
23 -3
23 -11
26 12
-8 13
30 -27
11 23
-10 7
4 11
10 12
0 15
-2 -18
22 -24
13 12
-9 7
4 0
-27 -6
35 27
24 -25
-21 -7
-20 8
23 -25
11 1
14 -23
-10 15
7 34
3 2
32 5
24 -24
-28 28
-12 8
25 14
19 25
-21 -16
20 13
-4 -10
15 7
2 28
34 -18
10 24
22 -29