53 -12
15 46
52 -2
5 24
19 18
58 -16
5 18
-17 32
17 26
53 25
16 -1
33 56
-18 2
54 0
20 7
35 -6
29 59
38 48
-16 27
60 -20
-15 -19
55 52
9 30
0 3
-3 56
52 5
-9 58
46 0
11 50
5 50
-17 48
-11 14
-18 25
-17 36
40 23
-3 28
32 16
54 22
51 41
36 40
49 -10
-10 45
21 -19
16 17
60 15
6 -20
-18 52
-4 -9
14 0
9 39
9 14
41 -19
-10 -8
-18 1
12 22
14 41
-5 24
17 -14
46 -3
57 20
-16 6
-4 -3
21 -12
-4 -2
18 33
-7 34
-14 51
59 40
20 -16
33 21
-4 37
38 -9
-5 34
53 -6
22 37
28 50
51 -18
15 -4
47 -1
56 51
32 4
45 23
37 13
20 51
36 56
33 11
-13 44
50 9
39 1
34 24
-20 58
15 44
15 18
-2 29
33 23
-10 28
41 38
-1 36
-13 20
43 -1
-1 18
55 36
15 -19
48 -7
15 -13
3 15
49 48
53 24
46 -4
30 23
-2 -6
37 50
0 55
58 10
1 23
-13 23
10 -16
-4 7
42 -14
-13 54