26 69
69 65
28 23
28 80
15 32
29 17
74 26
72 35
38 46
47 76
64 38
47 35
58 59
15 75
71 67
55 32
62 66
32 16
64 62
52 79
53 59
36 43
62 73
80 78
35 23
73 17
36 60
12 42
31 20
40 32
32 50
40 12
58 36
68 33
72 64
13 40
73 39
24 44
35 46
63 30
15 16
17 39
42 22
23 30
74 40
78 60
19 79
60 11
67 46
74 46
23 32
54 68
55 10
51 47
31 67
34 47
21 55
65 20
23 18
20 53
13 23
33 72
66 17
65 62
64 60
49 28
37 54
24 78
29 66
19 42
63 26
74 76
30 70
50 72
75 76
21 62
26 54
39 56
35 45
39 67
59 30
24 48
16 77
10 49
51 13
79 39
63 56
58 51
39 74
79 51
69 55
45 34
40 66
12 74
11 19
53 11
70 46
18 19
78 21
25 24
72 69
22 15
12 14
17 52
26 67
47 39
23 47
58 37
53 33
58 63
36 34
10 38
28 68
56 58
47 56
59 47
12 66
68 78
29 68
50 14
59 71
38 19
48 46
54 18
73 57
78 19
20 49
57 41
79 27
35 51
26 58
22 60
63 29
46 41
11 29
77 68
31 47
59 66
51 74
13 37
58 74
57 30
59 65
75 80
52 15
15 65
40 45
17 62
26 48
40 76