80913 27653
48521 58783 
39812 57624
80137 99241
47358 36762
22985 57391
83102 42913
51524 78431
39245 26451
11765 93872
64523 29436
76145 43052
81265 30274
24981 58313
91824 10347
34156 67762
55674 80185
42691 34902
21214 59823
87134 30446
65754 94361
31572 47283
28492 60104
49513 78822
93732 52148
64652 32865
15378 94784
70391 46503
29614 82027
58235 41749
73953 60468
91073 23381
42194 80502
67213 36527
78332 25841
52252 69364
89971 12584
41895 75201
24917 67124
55638 49041
80952 23465
62071 39982
52802 67413
21524 48336
75047 98251
40465 78972
65287 32791
52402 61913
73825 40532
23047 59652
45763 89074
34782 56193
61013 99223
32532 78441
51154 67267
93871 24389
43592 81902
74612 20427
57238 38841
28351 65961
92771 10486
41902 60513
73227 31836
86742 54053
49264 73179
31083 48992
62714 90128
26831 57642
49553 62861
37975 72481
53802 30495
68913 50724
12436 69348
80453 23761
68074 53888
39104 65413
50327 89632
21543 70251
75963 40274
58182 97093
23604 69312
74127 42839
51941 60853
38661 73279
54095 29316
86924 41231
65448 59853
49061 76378
14582 38291
93405 52124
71237 34641
56761 20973
78391 41907
45013 61224
69431 23054
85162 39075
42983 76495
23815 52731
66152 40563
79274 34186
65302 20716
71921 58231
40145 83952
24365 57971
93197 41206
60617 35127
25734 78146
40751 96462
53978 60282
18793 39501
52314 74825
65032 49347
81164 23971
78091 40913
53621 27635
89346 51469
72971 60884
49127 68341
12985 40597
35218 79863
60427 21791
46851 73105
94213 32054
85102 70462
21354 49781
31678 82892
27531 91074
58324 34912
40687 79201
65974 32041
71284 58792
43091 90321
24518 68103
59732 30542
12087 45871
93205 64572
50827 73461
30179 68421
52368 91502
65423 78215
32958 48214
36192 75831
82712 54026
93582 64321
21709 50932
