457 -890
-438 792
625 -470
839 -251
-913 567
708 -395
-482 963
537 -628
874 390
-789 524
612 -749
927 403
-502 860
379 -658
841 273
-619 792
480 -937
-561 384
752 -610
-935 408
316 -874
748 521
-597 839
654 -371
403 -958
-729 642
502 -827
-791 402
384 -750
618 -493
-859 210
537 -671
920 -584
476 -305
-798 492
603 -849
-784 390
527 -943
-314 657
678 -519
-897 234
468 -875
754 -623
387 -910
-596 280
812 -429
-350 739
927 -608
-714 295
548 -682
431 -867
-679 523
930 -450
-521 783
678 -342
812 -597
409 -875
-730 561
483 -602
-694 817
375 -960
572 -348
841 -503
210 -789
678 -547
482 -930
-327 684
591 -853
670 -248
-932 587
618 -392
751 -407
-293 804
637 -519
873 -461
520 -692
409 -938
-672 321
849 -576
234 -851
759 -432
617 -294
830 -517
-539 760
495 -827
-392 634
708 -531
-856 403
670 -214
-482 902
321 -689
761 -472
530 -839
-658 491
287 -710
-940 532
473 -802
586 -314
-729 647
509 -803
614 -732
-845 370
310 -958
578 -621
946 -403
728 -510
-389 870
675 -498
-830 257
478 -619
754 -908