74127 -42839
-71284 43861
53978 -60282
93271 -51024
50314 -12985
86112 -67835
20714 49218
73225 -65894
-92701 13629
29118 -37491
-64523 29436
62140 48942
50714 -23257
19671 24613
-72830 57836
91725 -10467
25418 -38421
89037 -42194
51763 -81379
94213 32054
50214 67899
61029 34962
-89367 24971
17329 -92134
43721 -65901
-38129 73813
64205 -54281
30129 50367
-87312 50701
76354 -63458
82197 24135
10327 -52817
52911 -29836
74162 49204
32071 -54015
58732 30715
-39148 50634
94018 -23107
27495 75862
-53218 84011
41385 -37920
63517 29561
23694 -47385
29716 48207
20962 37196
58726 39245
73123 -58479
17356 61728
-51241 67521
59408 -82135
35729 90214
76238 -23197
46184 -27105
18357 75482
59613 -47284
43926 54810
62341 -30167
-84351 62704
71658 49123
56782 -64239
23245 -53608
68214 54736
92014 -14589
-51913 18476
43892 29512
60438 -47151
53127 29472
21853 -67231
-58722 38204
78203 -29682
94085 24691
-75231 19743
80156 -16240
29028 53704
43156 -80527
30751 50982
39272 61849
-56723 19356
85324 -32915
54291 28469