-36355 -28024 
-68103 -24518
-79412 -58324
-31791 -43091
-21347 -91824
-52041 -65974
-40913 -78091
-76495 -42983
-90321 -43091
-47821 -15378
-52861 -49553
-32054 -94213
-73724 -49127
-70462 -85102
-36527 -67213
-34912 -58324
-12584 -89971
-20973 -56761
-71237 -34641
-38291 -14582
-56193 -34782
-98012 -27531
-21874 -31479
-31475 -57921
-84972 -40291
-73924 -40981
-23851 -81204
-52148 -93732
-40183 -69714
-24109 -91872
-31482 -78213
-29784 -65247
-91702 -42519
-30187 -48120
-48713 -60124
-20471 -62984
-58231 -71921
-40532 -73825
-76201 -34598
-34812 -75691
-21791 -60427
-73825 -40532
-40312 -75927
-71683 -23901
-52148 -93405
-25084 -83214
-42194 -80502
-61341 -87301
-67082 -23495
-45763 -89074
-87134 -30446
-29813 -43921
-70312 -56249
-12764 -98134
-69213 -48173
-27613 -58142
-52809 -67409
-89102 -23013
-43071 -61284
-50982 -43821
-53882 -68074
-67214 -41085
-34598 -76201
-40821 -73952
-62974 -21983
-61284 -43710
-43291 -58924
-32617 -45071
-31978 -73241
-51782 -30147
-38147 -92061
-78415 -37298
-62197 -54782
-50219 -49104