-5231 -7482
-6071 -3168
-2152 -4833
-8091 -2765
-9235 -4817
-4328 -6829
-1258 -8997
-7583 -3619
-5782 -2317
-4298 -7649
-4563 -3847
-9403 -2169
-4904 -5563
-8029 -3415
-8294 -5136
-4728 -3157
-3521 -7986
-4985 -7031
-2185 -6253
-4792 -3804
-9218 -3096
-6304 -2897
-5092 -4728
-9320 -6457
-4174 -3852
-6827 -5189
-6542 -7821
-3204 -6597
-3676 -4735
-7322 -3156
-4174 -5823
-4291 -8310
-7285 -4376
-5719 -5026
-6487 -2941
-2348 -8945
-7823 -3201
-7241 -3019
-5204 -3183
-5793 -4582
-2170 -5093
-4620 -8274
-2451 -6810
-5019 -7037
-5723 -3884
-9405 -3291
-7614 -4305
-6575 -9436
-5248 -3065
-5985 -6544
-3829 -1458
-8371 -3409
-2981 -7205
-5692 -4517
-3167 -8289
-4269 -3490
-3081 -6359
-8175 -2369
-3017 -6842
-5062 -7851
-2987 -5380
-4912 -6834
-3157 -4728
-2160 -8409
-7265 -4957
-4791 -6510
-2408 -5031
-7285 -3201
-5723 -3884
-3248 -6983
-4895 -3210
-5389 -4601
-7486 -3194
-6823 -2401
-5931 -4092
-2675 -8305
-3027 -8126
-5289 -6740
-9320 -6457
-5382 -3141
-5204 -3183
-2913 -7416
-3125 -6891
-2379 -4863
-6503 -4934
-2548 -8304
-7592 -3849
-2317 -6039
-6912 -4107
-5297 -6314
-4120 -9319
-3981 -5762
-5120 -7189
-7641 -3190
-3194 -5876
-4906 -7637
-4107 -3912
-4763 -8123
-6201 -3972
-4793 -2984
-2138 -5931
-7392 -4081
-3084 -2961
-6015 -4318
-7084 -3716
-5198 -3297
-7039 -4650
-5610 -3478
-3756 -4301
-5732 -4219
-3625 -5843
-7281 -3124
-5132 -7291
-3072 -4189
-2157 -5384
-8126 -3027
-9277 -1048
-4501 -6122
-2765 -8091
-7482 -5231
-4729 -9136
-4899 -3108
-8357 -4971
-8395 -4014
-2584 -7833
-6740 -5289
-7142 -5321
-2978 -4284
-2397 -8116
-6032 -4978
-5691 -2307
-7382 -4053
-3754 -6811
-5208 -2139
