699301 612328
693835 362155
355581 617834
287081 800098
902541 575151
206829 477486
979035 155932
619445 476244
942495 901896
602366 559870
884940 281852
151770 466613
832869 450902
605061 956812
474309 940273
962213 507818
574171 370626
399901 947509
411119 308223
312333 982626
637472 777285
583098 420449
639551 034469
377935 274300
953248 319883
652619 297721
827534 193083
260855 514164
502967 413645
686922 400014
450820 306198
512942 543180
023508 464684
426052 402161
082784 327799
986754 339841
199537 991860
361749 493877
395240 269570
608104 391021
220291 024019
428567 896378
293914 917739
904002 164350
885946 463951
585068 265966
615539 889191
296094 548049
210390 790545
630042 024060
302352 682875
577466 115137
358924 991232
627992 722178
202727 708606
704388 521315
302154 384073
970516 499988
260483 258003
899940 101612
372851 460387
892548 965708
645599 536117
268941 208996
949660 407619
364473 612304
940836 333730
113788 135973
277403 906580
787874 765707
486032 930608
519431 113649
238766 371043
622800 925359
745914 483635
521399 452100
571622 476568
639091 228260
427769 583019
089607 335149
329424 442230
492025 515836
946625 287634
960993 750148
613747 764321
705801 025527
333870 214422
783366 167720
172972 564768
131714 918665
629132 802739
998011 792109
708066 253548
417550 974509
866093 210333
288800 124770
941202 322611
904590 923495
547544 929854
637711 791774
894882 025474
982579 522071
495243 325642
100264 835567
578141 888557
582207 814701
673278 628033
100385 707516
183246 220208
326412 414616
376332 659063
115136 654133
842982 135729
771950 450061
634094 931030
317059 850661
836734 692607
488339 571289
958338 203222
958000 116451
106709 645141
638505 956525
950148 461923
593462 326217
507419 183109
611720 196475
230631 131747
115780 815053
585901 972311
963720 571948
671473 633057
750999 812813
