1879 3950
1532 2457
3981 5762
8013 9924
4735 3676
2298 5739
8310 4291
5152 7843
3924 2645
1176 9387
6452 2943
7614 4305
8126 3027
2498 5831
9182 1034
3415 6776
5567 8018
4269 3490
2121 5982
8713 3044
6575 9436
3157 4728
2849 6010
4951 7882
9373 5214
6465 3286
1537 9478
7039 4650
2961 8202
5823 4174
7395 6046
9107 2338
4219 8050
6721 3652
7833 2584
5225 6936
8997 1258
4189 7520
2491 6712
5563 4904
8095 2346
6207 3998
5280 6741
2152 4833
7504 9825
4046 7897
6528 3279
5240 6191
7382 4053
2304 5965
4576 8907
3478 5619
6101 9922
3253 7844
5115 6726
9387 2438
4359 8190
7461 2042
5723 3884
2835 6596
9277 1048
4190 6051
7322 3183
8674 5405
4926 7317
3108 4899
6271 9012
2683 5764
4955 6286
3797 7248
5380 3049
6891 5072
1243 6934
8045 2376
6807 5388
3910 6541
5032 8963
2154 7025
7596 4027
5818 9709
2360 6931
7412 4283
5194 6085
3866 7327
5409 2931
8692 4123
6544 5985
4906 7637
1458 3829
9340 5212
7123 3464
5676 2097
7839 4190
4501 6122
6943 2305
8516 3907
4298 7649
2381 5273
6615 4056
7927 3418
6530 2071
7192 5823
4014 8395
2436 5797
9319 4120
6061 3512
2573 7814
4075 9646
5397 6028
5231 7482
6503 4934
8116 2397
7809 4091
5362 2763
8934 5146
7297 6088
4912 6834
1298 4059
3521 7986
6042 2179
4685 7310
9421 3205
8510 7046
2135 4978
3167 8289
2753 9107
5832 3491
4068 7920
6597 3204
7128 5879
4309 9032
2451 6810
5973 3054
1208 4587
9320 6457
8091 2765
5082 7346
3017 6842
5236 9150
6542 7821
3295 4821
3619 7583
8271 5402
9358 6432
2170 5093
