1537 -9478
-4023 5792
-2547 6083
5932 -6128
-6789 5301
2084 -7439
7064 -4983
-4806 7831
3160 -7491
3982 -5648
-4839 2704
-7398 2014
-8963 5032
-7098 3487
-6942 5378
3168 -5290
-7395 7192
-2084 5736
6278 -4106
-4582 6193
5782 -2317
-4237 7354
4328 -4756
-7416 2913
4174 -3852
-3420 6198
2943 -6452
7084 -3716
-6387 3178
3054 -5973
-2301 7625
-8564 4728
-3125 7394
8271 -5402
2953 -7348
3624 -5287
6097 -3254
-7851 5062
-7637 4906
-5642 3253
7821 -4955
3829 -1458
6010 -2849
-4014 8395
-5204 7638
-4123 8692
-8721 5061
4291 -8310
6128 -4912
4501 -6122
-3017 6842
7315 -2835
-2154 7025
-4370 8519
8763 -5406
2304 -5965
2746 -8135
4325 -5782
7039 -4650
2810 -7369
6075 -3814
5273 -2381
2097 -5676
-7216 3504
-9872 3546
5891 -2517
-7891 2348
4904 -5563
8705 -6391
-2617 7403
2084 -5749
-4230 5732
9148 -4076
-6085 4173
-4610 7295
-8029 4812
-3205 9421
8325 -5061
2305 -6943
7814 -2573
-2675 8209
4238 -3821
5194 -6108
-7495 4382
-4563 3847
2942 -6283
8294 -5136
4035 -7386
-5818 9709
-2358 7412
2152 -4833
4716 -3985
6524 -3278
9136 -4729
5304 -2857
7189 -4321
-7520 4189
2376 -8045
5192 -3548
6138 -2907
7621 -3470
-3107 8096
9235 -4817
4328 -6829
3910 -6541
5198 -3724
-8127 5092
6324 -2789
-7583 3619
2379 -4863
3548 -5183
7426 -2958
5023 -7831
-4685 7310
-7498 3082
2108 -4386
4781 -8357
-8037 4319
2193 -4751
-9175 3068
7542 -3059
6218 -4567
8329 -4183
4082 -5196
-8435 6129
2931 -5409
4838 -5217
7298 -3064
2763 -5362
-4075 9646