-831 -429
-153 -245
-398 -576
-801 -992
-473 -367
-229 -573
-515 -784
-392 -264
-117 -938
-645 -294
-761 -430
-812 -302
-249 -583
-918 -103
-341 -677
-556 -801
-426 -349
-212 -598
-871 -304
-657 -943
-315 -472
-284 -601
-495 -788
-937 -521
-646 -328
-153 -947
-703 -465
-296 -820
-582 -417
-739 -604
-910 -233
-421 -805
-672 -365
-783 -258
-522 -693
-899 -125
-418 -752
-249 -671
-556 -490
-809 -234
-620 -399
-528 -674
-215 -483
-750 -982
-404 -789
-652 -327
-524 -619
-738 -405
-230 -596
-457 -890
-347 -561
-610 -992
-325 -784
-511 -672
-938 -243
-435 -819
-746 -204
-572 -388
-283 -659
-927 -104
-419 -605
-732 -318
-867 -540
-492 -731
-310 -489
-627 -901
-268 -576
-495 -628
-379 -724
-538 -304
-689 -507
-124 -693
-804 -237
-680 -538
-391 -654
-503 -896
-215 -702
-759 -402
-581 -970
-236 -693
-741 -428
-519 -608
-386 -732
-540 -293
-869 -412
-654 -598
-490 -763
-145 -382
-934 -521
-712 -346
-567 -209
-783 -419
-450 -612
-694 -230
-851 -390
-429 -764
-238 -527
-661 -405
-792 -341
-653 -207
-719 -582
-401 -839
-243 -579
-931 -412
-606 -351
-257 -781
-407 -964
-539 -602
-187 -395
-523 -748
-650 -493
-811 -239
-780 -409
-536 -276
-893 -514
-729 -608
